id,fx,fy,cx,cy,image_width,image_height,x,y,z,qw,qx,qy,qz
l_1775563547_190898205,556.254285,556.254285,624.186310,479.549637,1280,960,0.000000,0.000000,0.000000,1.00000000000000,-0.00000000000000,-0.00000000000000,-0.00000000000000
r_1775563547_190898205,556.254285,556.254285,624.186310,479.549637,1280,960,0.304063,0.000000,0.000000,1.00000000000000,-0.00000000000000,-0.00000000000000,-0.00000000000000
l_1775563547_290994320,556.254285,556.254285,624.186310,479.549637,1280,960,0.000186,-0.000299,0.000122,0.99999874830246,0.00134685728699,0.00081847340334,0.00009947395301
r_1775563547_290994320,556.254285,556.254285,624.186310,479.549637,1280,960,0.304248,-0.000238,-0.000376,0.99999874830246,0.00134685728699,0.00081847340334,0.00009947395301
l_1775563547_391183714,556.254285,556.254285,624.186310,479.549637,1280,960,-0.000206,-0.000157,0.001013,0.99999701976776,0.00228887540288,0.00085713190492,0.00009491888341
r_1775563547_391183714,556.254285,556.254285,624.186310,479.549637,1280,960,0.303856,-0.000098,0.000492,0.99999701976776,0.00228887540288,0.00085713190492,0.00009491888341
l_1775563547_491521907,556.254285,556.254285,624.186310,479.549637,1280,960,-0.002387,-0.000041,0.001900,0.99999511241913,0.00242268433794,0.00191132421605,-0.00050974829355
r_1775563547_491521907,556.254285,556.254285,624.186310,479.549637,1280,960,0.301673,-0.000348,0.000737,0.99999511241913,0.00242268433794,0.00191132421605,-0.00050974829355
l_1775563547_591446238,556.254285,556.254285,624.186310,479.549637,1280,960,-0.001956,0.000249,0.004052,0.99999374151230,0.00247743097134,0.00252826791257,-0.00023015994520
r_1775563547_591446238,556.254285,556.254285,624.186310,479.549637,1280,960,0.302103,0.000113,0.002514,0.99999374151230,0.00247743097134,0.00252826791257,-0.00023015994520
l_1775563547_691227216,556.254285,556.254285,624.186310,479.549637,1280,960,-0.001355,-0.000499,0.005628,0.99999260902405,0.00217121909373,0.00315210293047,-0.00029267382342
r_1775563547_691227216,556.254285,556.254285,624.186310,479.549637,1280,960,0.302702,-0.000673,0.003711,0.99999260902405,0.00217121909373,0.00315210293047,-0.00029267382342
l_1775563547_791239111,556.254285,556.254285,624.186310,479.549637,1280,960,-0.003145,-0.001434,0.008518,0.99999171495438,0.00276351184584,0.00294042425230,-0.00056149921147
r_1775563547_791239111,556.254285,556.254285,624.186310,479.549637,1280,960,0.300912,-0.001771,0.006729,0.99999171495438,0.00276351184584,0.00294042425230,-0.00056149921147
l_1775563547_891502754,556.254285,556.254285,624.186310,479.549637,1280,960,-0.005543,-0.000942,0.011697,0.99999469518661,0.00230727973394,0.00210758275352,-0.00094065698795
r_1775563547_891502754,556.254285,556.254285,624.186310,479.549637,1280,960,0.298517,-0.001511,0.010414,0.99999469518661,0.00230727973394,0.00210758275352,-0.00094065698795
l_1775563547_991186991,556.254285,556.254285,624.186310,479.549637,1280,960,-0.008869,-0.000401,0.015357,0.99999749660492,0.00189720629714,-0.00025432006805,-0.00117510173004
r_1775563547_991186991,556.254285,556.254285,624.186310,479.549637,1280,960,0.295193,-0.001116,0.015510,0.99999749660492,0.00189720629714,-0.00025432006805,-0.00117510173004
l_1775563548_091531338,556.254285,556.254285,624.186310,479.549637,1280,960,-0.012675,-0.003232,0.018901,0.99999016523361,0.00196120236069,-0.00331017724238,-0.00221602176316
r_1775563548_091531338,556.254285,556.254285,624.186310,479.549637,1280,960,0.291378,-0.004584,0.020911,0.99999016523361,0.00196120236069,-0.00331017724238,-0.00221602176316
l_1775563548_191460274,556.254285,556.254285,624.186310,479.549637,1280,960,-0.017240,-0.003467,0.024778,0.99998563528061,0.00290681072511,-0.00276576075703,-0.00356417358853
r_1775563548_191460274,556.254285,556.254285,624.186310,479.549637,1280,960,0.286810,-0.005639,0.026454,0.99998563528061,0.00290681072511,-0.00276576075703,-0.00356417358853
l_1775563548_291458533,556.254285,556.254285,624.186310,479.549637,1280,960,-0.023605,-0.006182,0.030869,0.99998217821121,0.00189293606672,-0.00365072442219,-0.00433062529191
r_1775563548_291458533,556.254285,556.254285,624.186310,479.549637,1280,960,0.280438,-0.008820,0.033084,0.99998217821121,0.00189293606672,-0.00365072442219,-0.00433062529191
l_1775563548_390985158,556.254285,556.254285,624.186310,479.549637,1280,960,-0.028988,-0.007265,0.039071,0.99997323751450,0.00019652035553,-0.00419554393739,-0.00599698023871
r_1775563548_390985158,556.254285,556.254285,624.186310,479.549637,1280,960,0.275042,-0.010912,0.041622,0.99997323751450,0.00019652035553,-0.00419554393739,-0.00599698023871
l_1775563548_490842787,556.254285,556.254285,624.186310,479.549637,1280,960,-0.033677,-0.006801,0.047339,0.99995213747025,0.00054537912365,-0.00639763614163,-0.00738401757553
r_1775563548_490842787,556.254285,556.254285,624.186310,479.549637,1280,960,0.270328,-0.011293,0.051227,0.99995213747025,0.00054537912365,-0.00639763614163,-0.00738401757553
l_1775563548_591353732,556.254285,556.254285,624.186310,479.549637,1280,960,-0.038871,-0.010807,0.056205,0.99995118379593,-0.00052879896248,-0.00511184195057,-0.00844233948737
r_1775563548_591353732,556.254285,556.254285,624.186310,479.549637,1280,960,0.265133,-0.015939,0.059316,0.99995118379593,-0.00052879896248,-0.00511184195057,-0.00844233948737
l_1775563548_691211080,556.254285,556.254285,624.186310,479.549637,1280,960,-0.042583,-0.010064,0.067074,0.99995774030685,-0.00090051075676,-0.00564266601577,-0.00720123341307
r_1775563548_691211080,556.254285,556.254285,624.186310,479.549637,1280,960,0.261429,-0.014440,0.070509,0.99995774030685,-0.00090051075676,-0.00564266601577,-0.00720123341307
l_1775563548_790889732,556.254285,556.254285,624.186310,479.549637,1280,960,-0.045761,-0.009071,0.080836,0.99996221065521,-0.00238954159431,-0.00660215457901,-0.00512956734747
r_1775563548_790889732,556.254285,556.254285,624.186310,479.549637,1280,960,0.258259,-0.012181,0.084858,0.99996221065521,-0.00238954159431,-0.00660215457901,-0.00512956734747
l_1775563548_891492685,556.254285,556.254285,624.186310,479.549637,1280,960,-0.047443,-0.010892,0.096189,0.99997371435165,-0.00277581135742,-0.00581538397819,-0.00332565116696
r_1775563548_891492685,556.254285,556.254285,624.186310,479.549637,1280,960,0.256593,-0.012905,0.099731,0.99997371435165,-0.00277581135742,-0.00581538397819,-0.00332565116696
l_1775563548_991378158,556.254285,556.254285,624.186310,479.549637,1280,960,-0.047929,-0.010766,0.114738,0.99998044967651,-0.00269695394672,-0.00179064355325,-0.00535199651495
r_1775563548_991378158,556.254285,556.254285,624.186310,479.549637,1280,960,0.256114,-0.014018,0.115836,0.99998044967651,-0.00269695394672,-0.00179064355325,-0.00535199651495
l_1775563549_091581482,556.254285,556.254285,624.186310,479.549637,1280,960,-0.048433,-0.011121,0.135557,0.99995160102844,-0.00397195015103,-0.00001179784704,-0.00900393351912
r_1775563549_091581482,556.254285,556.254285,624.186310,479.549637,1280,960,0.255580,-0.016596,0.135586,0.99995160102844,-0.00397195015103,-0.00001179784704,-0.00900393351912
l_1775563549_191486372,556.254285,556.254285,624.186310,479.549637,1280,960,-0.044903,-0.010646,0.159343,0.99994230270386,-0.00373736605980,-0.00208471366204,-0.00985526852310
r_1775563549_191486372,556.254285,556.254285,624.186310,479.549637,1280,960,0.259098,-0.016634,0.160633,0.99994230270386,-0.00373736605980,-0.00208471366204,-0.00985526852310
l_1775563549_291549449,556.254285,556.254285,624.186310,479.549637,1280,960,-0.040168,-0.008861,0.187783,0.99993264675140,-0.00367575394921,-0.00370950018987,-0.01036707963794
r_1775563549_291549449,556.254285,556.254285,624.186310,479.549637,1280,960,0.263821,-0.015157,0.190062,0.99993264675140,-0.00367575394921,-0.00370950018987,-0.01036707963794
l_1775563549_391516290,556.254285,556.254285,624.186310,479.549637,1280,960,-0.032938,-0.005635,0.217174,0.99990403652191,-0.00070912548108,-0.00736405001953,-0.01171226426959
r_1775563549_391516290,556.254285,556.254285,624.186310,479.549637,1280,960,0.271008,-0.012754,0.221657,0.99990403652191,-0.00070912548108,-0.00736405001953,-0.01171226426959
l_1775563549_491489586,556.254285,556.254285,624.186310,479.549637,1280,960,-0.024409,-0.004546,0.249491,0.99989676475525,0.00145694206003,-0.00566678913310,-0.01312341820449
r_1775563549_491489586,556.254285,556.254285,624.186310,479.549637,1280,960,0.279530,-0.012531,0.252925,0.99989676475525,0.00145694206003,-0.00566678913310,-0.01312341820449
l_1775563549_591399846,556.254285,556.254285,624.186310,479.549637,1280,960,-0.014901,-0.004046,0.281817,0.99988800287247,0.00177441106644,-0.00779805984348,-0.01265440415591
r_1775563549_591399846,556.254285,556.254285,624.186310,479.549637,1280,960,0.289027,-0.011749,0.286545,0.99988800287247,0.00177441106644,-0.00779805984348,-0.01265440415591
l_1775563549_691076755,556.254285,556.254285,624.186310,479.549637,1280,960,-0.007531,-0.003741,0.312540,0.99983799457550,0.00110815698281,-0.01386099029332,-0.01143197156489
r_1775563549_691076755,556.254285,556.254285,624.186310,479.549637,1280,960,0.296335,-0.010701,0.320960,0.99983799457550,0.00110815698281,-0.01386099029332,-0.01143197156489
l_1775563549_791189170,556.254285,556.254285,624.186310,479.549637,1280,960,-0.004658,-0.009038,0.344266,0.99982559680939,-0.00247390172444,-0.01426954008639,-0.01179161760956
r_1775563549_791189170,556.254285,556.254285,624.186310,479.549637,1280,960,0.299196,-0.016186,0.352960,0.99982559680939,-0.00247390172444,-0.01426954008639,-0.01179161760956
l_1775563549_891378332,556.254285,556.254285,624.186310,479.549637,1280,960,-0.002897,-0.010239,0.374678,0.99981611967087,-0.00237228185870,-0.01488926820457,-0.01185088232160
r_1775563549_891378332,556.254285,556.254285,624.186310,479.549637,1280,960,0.300946,-0.017423,0.383748,0.99981611967087,-0.00237228185870,-0.01488926820457,-0.01185088232160
l_1775563549_991690181,556.254285,556.254285,624.186310,479.549637,1280,960,-0.003900,-0.011366,0.406611,0.99984985589981,-0.00226481119171,-0.01326153613627,-0.01092021819204
r_1775563549_991690181,556.254285,556.254285,624.186310,479.549637,1280,960,0.299983,-0.017988,0.414690,0.99984985589981,-0.00226481119171,-0.01326153613627,-0.01092021819204
l_1775563550_091687057,556.254285,556.254285,624.186310,479.549637,1280,960,-0.005266,-0.009503,0.440452,0.99987536668777,-0.00237022107467,-0.01310078240931,-0.00848647765815
r_1775563550_091687057,556.254285,556.254285,624.186310,479.549637,1280,960,0.298649,-0.014644,0.448430,0.99987536668777,-0.00237022107467,-0.01310078240931,-0.00848647765815
l_1775563550_191486071,556.254285,556.254285,624.186310,479.549637,1280,960,-0.016106,-0.010901,0.477251,0.99986344575882,-0.00050788826775,-0.01467102952302,-0.00759004335850
r_1775563550_191486071,556.254285,556.254285,624.186310,479.549637,1280,960,0.287791,-0.015512,0.486174,0.99986344575882,-0.00050788826775,-0.01467102952302,-0.00759004335850
l_1775563550_291344256,556.254285,556.254285,624.186310,479.549637,1280,960,-0.027305,-0.009956,0.513663,0.99987614154816,0.00148610596079,-0.01272985711694,-0.00913878250867
r_1775563550_291344256,556.254285,556.254285,624.186310,479.549637,1280,960,0.276608,-0.015524,0.521395,0.99987614154816,0.00148610596079,-0.01272985711694,-0.00913878250867
l_1775563550_391540981,556.254285,556.254285,624.186310,479.549637,1280,960,-0.037307,-0.010820,0.549699,0.99993216991425,0.00036133854883,-0.00922236964107,-0.00710770906880
r_1775563550_391540981,556.254285,556.254285,624.186310,479.549637,1280,960,0.266673,-0.015144,0.555305,0.99993216991425,0.00036133854883,-0.00922236964107,-0.00710770906880
l_1775563550_491548892,556.254285,556.254285,624.186310,479.549637,1280,960,-0.043672,-0.015884,0.583735,0.99999332427979,-0.00207781302743,-0.00259182788432,-0.00150973605923
r_1775563550_491548892,556.254285,556.254285,624.186310,479.549637,1280,960,0.260385,-0.016799,0.585313,0.99999332427979,-0.00207781302743,-0.00259182788432,-0.00150973605923
l_1775563550_591593772,556.254285,556.254285,624.186310,479.549637,1280,960,-0.049758,-0.017989,0.617561,0.99997437000275,-0.00274505303241,0.00632666191086,0.00192189903464
r_1775563550_591593772,556.254285,556.254285,624.186310,479.549637,1280,960,0.254278,-0.016831,0.613710,0.99997437000275,-0.00274505303241,0.00632666191086,0.00192189903464
l_1775563550_691603986,556.254285,556.254285,624.186310,479.549637,1280,960,-0.054785,-0.017196,0.650523,0.99994957447052,-0.00584229081869,0.00803446769714,0.00147474196274
r_1775563550_691603986,556.254285,556.254285,624.186310,479.549637,1280,960,0.249237,-0.016328,0.645632,0.99994957447052,-0.00584229081869,0.00803446769714,0.00147474196274
l_1775563550_791238427,556.254285,556.254285,624.186310,479.549637,1280,960,-0.054843,-0.020250,0.684399,0.99985903501511,-0.00375995691866,0.01636452972889,0.00015959533630
r_1775563550_791238427,556.254285,556.254285,624.186310,479.549637,1280,960,0.249057,-0.020190,0.674448,0.99985903501511,-0.00375995691866,0.01636452972889,0.00015959533630
l_1775563550_891277442,556.254285,556.254285,624.186310,479.549637,1280,960,-0.055709,-0.019280,0.718439,0.99979853630066,-0.00327815092169,0.01960555277765,-0.00278582097962
r_1775563550_891277442,556.254285,556.254285,624.186310,479.549637,1280,960,0.248115,-0.021013,0.706524,0.99979853630066,-0.00327815092169,0.01960555277765,-0.00278582097962
l_1775563550_991020306,556.254285,556.254285,624.186310,479.549637,1280,960,-0.050481,-0.013096,0.758866,0.99966412782669,-0.00727711385116,0.02422958798707,-0.00562755204737
r_1775563550_991020306,556.254285,556.254285,624.186310,479.549637,1280,960,0.253206,-0.016624,0.744161,0.99966412782669,-0.00727711385116,0.02422958798707,-0.00562755204737
l_1775563551_091425607,556.254285,556.254285,624.186310,479.549637,1280,960,-0.045909,-0.011799,0.800250,0.99958401918411,-0.00710143754259,0.02727226912975,-0.00612604990602
r_1775563551_091425607,556.254285,556.254285,624.186310,479.549637,1280,960,0.257679,-0.015641,0.783698,0.99958401918411,-0.00710143754259,0.02727226912975,-0.00612604990602
l_1775563551_191453776,556.254285,556.254285,624.186310,479.549637,1280,960,-0.041163,-0.007748,0.840976,0.99965959787369,-0.00416149338707,0.02441039308906,-0.00821755360812
r_1775563551_191453776,556.254285,556.254285,624.186310,479.549637,1280,960,0.262496,-0.012805,0.826157,0.99965959787369,-0.00416149338707,0.02441039308906,-0.00821755360812
l_1775563551_291567514,556.254285,556.254285,624.186310,479.549637,1280,960,-0.033677,-0.003070,0.883966,0.99974417686462,-0.00373870390467,0.01990035548806,-0.01008009072393
r_1775563551_291567514,556.254285,556.254285,624.186310,479.549637,1280,960,0.270083,-0.009244,0.871890,0.99974417686462,-0.00373870390467,0.01990035548806,-0.01008009072393
l_1775563551_391450424,556.254285,556.254285,624.186310,479.549637,1280,960,-0.025976,-0.004186,0.927079,0.99962121248245,-0.00840959791094,0.02434677258134,-0.00969661492854
r_1775563551_391450424,556.254285,556.254285,624.186310,479.549637,1280,960,0.277669,-0.010205,0.912328,0.99962121248245,-0.00840959791094,0.02434677258134,-0.00969661492854
l_1775563551_491256309,556.254285,556.254285,624.186310,479.549637,1280,960,-0.022363,-0.006972,0.963144,0.99969738721848,-0.00898864027113,0.02083233743906,-0.00950642582029
r_1775563551_491256309,556.254285,556.254285,624.186310,479.549637,1280,960,0.281381,-0.012865,0.950531,0.99969738721848,-0.00898864027113,0.02083233743906,-0.00950642582029
l_1775563551_591337453,556.254285,556.254285,624.186310,479.549637,1280,960,-0.020847,-0.007450,1.001601,0.99955266714096,-0.01228674314916,0.02477708272636,-0.01138544641435
r_1775563551_591337453,556.254285,556.254285,624.186310,479.549637,1280,960,0.282764,-0.014556,0.986625,0.99955266714096,-0.01228674314916,0.02477708272636,-0.01138544641435
l_1775563551_691715225,556.254285,556.254285,624.186310,479.549637,1280,960,-0.023417,-0.010496,1.036511,0.99960279464722,-0.01196439471096,0.02306176163256,-0.01092189271003
r_1775563551_691715225,556.254285,556.254285,624.186310,479.549637,1280,960,0.280250,-0.017303,1.022572,0.99960279464722,-0.01196439471096,0.02306176163256,-0.01092189271003
l_1775563551_791286380,556.254285,556.254285,624.186310,479.549637,1280,960,-0.025443,-0.010858,1.073886,0.99954307079315,-0.00971760507673,0.02634405903518,-0.01118800323457
r_1775563551_791286380,556.254285,556.254285,624.186310,479.549637,1280,960,0.278122,-0.017814,1.057939,0.99954307079315,-0.00971760507673,0.02634405903518,-0.01118800323457
l_1775563551_891524608,556.254285,556.254285,624.186310,479.549637,1280,960,-0.029703,-0.009694,1.113904,0.99956411123276,-0.00965586677194,0.02608446963131,-0.00990070123225
r_1775563551_891524608,556.254285,556.254285,624.186310,479.549637,1280,960,0.273886,-0.015865,1.098106,0.99956411123276,-0.00965586677194,0.02608446963131,-0.00990070123225
l_1775563551_991459234,556.254285,556.254285,624.186310,479.549637,1280,960,-0.036242,-0.007018,1.158037,0.99946784973145,-0.00832427386194,0.03065154887736,-0.00743330596015
r_1775563551_991459234,556.254285,556.254285,624.186310,479.549637,1280,960,0.267216,-0.011691,1.139445,0.99946784973145,-0.00832427386194,0.03065154887736,-0.00743330596015
l_1775563552_091402065,556.254285,556.254285,624.186310,479.549637,1280,960,-0.045246,-0.007000,1.201546,0.99934381246567,-0.00645185075700,0.03532953560352,-0.00470873340964
r_1775563552_091402065,556.254285,556.254285,624.186310,479.549637,1280,960,0.258044,-0.010000,1.180094,0.99934381246567,-0.00645185075700,0.03532953560352,-0.00470873340964
l_1775563552_190941166,556.254285,556.254285,624.186310,479.549637,1280,960,-0.051306,-0.007031,1.245468,0.99891108274460,-0.00920236855745,0.04559588059783,-0.00360327493399
r_1775563552_190941166,556.254285,556.254285,624.186310,479.549637,1280,960,0.251485,-0.009475,1.217790,0.99891108274460,-0.00920236855745,0.04559588059783,-0.00360327493399
l_1775563552_291461274,556.254285,556.254285,624.186310,479.549637,1280,960,-0.058051,-0.007828,1.289640,0.99827241897583,-0.01038923300803,0.05764920264482,-0.00456941314042
r_1775563552_291461274,556.254285,556.254285,624.186310,479.549637,1280,960,0.243978,-0.010966,1.254671,0.99827241897583,-0.01038923300803,0.05764920264482,-0.00456941314042
l_1775563552_391636888,556.254285,556.254285,624.186310,479.549637,1280,960,-0.058188,-0.007457,1.332890,0.99767684936523,-0.01661808602512,0.06573742628098,-0.00658493163064
r_1775563552_391636888,556.254285,556.254285,624.186310,479.549637,1280,960,0.243220,-0.012116,1.293073,0.99767684936523,-0.01661808602512,0.06573742628098,-0.00658493163064
l_1775563552_491519153,556.254285,556.254285,624.186310,479.549637,1280,960,-0.059259,-0.010002,1.373281,0.99724906682968,-0.01712235808372,0.07177724689245,-0.00700875697657
r_1775563552_491519153,556.254285,556.254285,624.186310,479.549637,1280,960,0.241641,-0.015000,1.329824,0.99724906682968,-0.01712235808372,0.07177724689245,-0.00700875697657
l_1775563552_591573374,556.254285,556.254285,624.186310,479.549637,1280,960,-0.057744,-0.009612,1.413096,0.99665176868439,-0.01501998491585,0.07997749000788,-0.00795492716134
r_1775563552_591573374,556.254285,556.254285,624.186310,479.549637,1280,960,0.242391,-0.015164,1.364695,0.99665176868439,-0.01501998491585,0.07997749000788,-0.00795492716134
l_1775563552_691513445,556.254285,556.254285,624.186310,479.549637,1280,960,-0.052617,-0.008772,1.456416,0.99634236097336,-0.01577778719366,0.08337921649218,-0.01004782598466
r_1775563552_691513445,556.254285,556.254285,624.186310,479.549637,1280,960,0.247157,-0.015660,1.405993,0.99634236097336,-0.01577778719366,0.08337921649218,-0.01004782598466
l_1775563552_791270075,556.254285,556.254285,624.186310,479.549637,1280,960,-0.046366,-0.003782,1.500534,0.99613803625107,-0.01674854010344,0.08503576368093,-0.01405365392566
r_1775563552_791270075,556.254285,556.254285,624.186310,479.549637,1280,960,0.253179,-0.013161,1.449164,0.99613803625107,-0.01674854010344,0.08503576368093,-0.01405365392566
l_1775563552_891260718,556.254285,556.254285,624.186310,479.549637,1280,960,-0.040243,0.000099,1.543145,0.99624186754227,-0.01324392668903,0.08354148268700,-0.01864495687187
r_1775563552_891260718,556.254285,556.254285,624.186310,479.549637,1280,960,0.259364,-0.011870,1.492682,0.99624186754227,-0.01324392668903,0.08354148268700,-0.01864495687187
l_1775563552_991325399,556.254285,556.254285,624.186310,479.549637,1280,960,-0.031717,0.001319,1.588675,0.99590390920639,-0.01503572985530,0.08687256276608,-0.02006371691823
r_1775563552_991325399,556.254285,556.254285,624.186310,479.549637,1280,960,0.267512,-0.011627,1.536245,0.99590390920639,-0.01503572985530,0.08687256276608,-0.02006371691823
l_1775563553_091355850,556.254285,556.254285,624.186310,479.549637,1280,960,-0.026393,0.000894,1.628136,0.99628657102585,-0.01472787931561,0.08306691050529,-0.01720550097525
r_1775563553_091355850,556.254285,556.254285,624.186310,479.549637,1280,960,0.273294,-0.010274,1.577963,0.99628657102585,-0.01472787931561,0.08306691050529,-0.01720550097525
l_1775563553_191144770,556.254285,556.254285,624.186310,479.549637,1280,960,-0.022736,-0.000623,1.669623,0.99562209844589,-0.01473788823932,0.09004799276590,-0.02026791684330
r_1775563553_191144770,556.254285,556.254285,624.186310,479.549637,1280,960,0.276146,-0.013702,1.615284,0.99562209844589,-0.01473788823932,0.09004799276590,-0.02026791684330
l_1775563553_291085178,556.254285,556.254285,624.186310,479.549637,1280,960,-0.019485,-0.004067,1.710280,0.99515187740326,-0.01851669140160,0.09376110136509,-0.02321236394346
r_1775563553_291085178,556.254285,556.254285,624.186310,479.549637,1280,960,0.278904,-0.019170,1.653799,0.99515187740326,-0.01851669140160,0.09376110136509,-0.02321236394346
l_1775563553_390928567,556.254285,556.254285,624.186310,479.549637,1280,960,-0.018082,-0.007964,1.749904,0.99485164880753,-0.01795329526067,0.09727388620377,-0.02203869819641
r_1775563553_390928567,556.254285,556.254285,624.186310,479.549637,1280,960,0.279931,-0.022359,1.691294,0.99485164880753,-0.01795329526067,0.09727388620377,-0.02203869819641
l_1775563553_491287068,556.254285,556.254285,624.186310,479.549637,1280,960,-0.016366,-0.008133,1.791360,0.99428427219391,-0.01638220623136,0.10403755307198,-0.01751266047359
r_1775563553_491287068,556.254285,556.254285,624.186310,479.549637,1280,960,0.280928,-0.019758,1.728628,0.99428427219391,-0.01638220623136,0.10403755307198,-0.01751266047359
l_1775563553_591632219,556.254285,556.254285,624.186310,479.549637,1280,960,-0.019421,-0.008531,1.838500,0.99370694160461,-0.01717730052769,0.10997337102890,-0.01254541147500
r_1775563553_591632219,556.254285,556.254285,624.186310,479.549637,1280,960,0.277191,-0.017261,1.772174,0.99370694160461,-0.01717730052769,0.10997337102890,-0.01254541147500
l_1775563553_691378809,556.254285,556.254285,624.186310,479.549637,1280,960,-0.026221,-0.004867,1.886724,0.99290305376053,-0.01480040419847,0.11763451248407,-0.00930941384286
r_1775563553_691378809,556.254285,556.254285,624.186310,479.549637,1280,960,0.269374,-0.011547,1.815779,0.99290305376053,-0.01480040419847,0.11763451248407,-0.00930941384286
l_1775563553_791176560,556.254285,556.254285,624.186310,479.549637,1280,960,-0.033739,-0.007042,1.931815,0.99194520711899,-0.01680035516620,0.12533481419086,-0.00732380244881
r_1775563553_791176560,556.254285,556.254285,624.186310,479.549637,1280,960,0.260738,-0.012740,1.856284,0.99194520711899,-0.01680035516620,0.12533481419086,-0.00732380244881
l_1775563553_891560783,556.254285,556.254285,624.186310,479.549637,1280,960,-0.040516,-0.007242,1.973506,0.99113631248474,-0.01603546179831,0.13185243308544,-0.00257858424447
r_1775563553_891560783,556.254285,556.254285,624.186310,479.549637,1280,960,0.252970,-0.010082,1.894059,0.99113631248474,-0.01603546179831,0.13185243308544,-0.00257858424447
l_1775563553_991544478,556.254285,556.254285,624.186310,479.549637,1280,960,-0.041949,-0.012326,2.012284,0.99032872915268,-0.01490001007915,0.13793806731701,0.00035342780757
r_1775563553_991544478,556.254285,556.254285,624.186310,479.549637,1280,960,0.250543,-0.013363,1.929208,0.99032872915268,-0.01490001007915,0.13793806731701,0.00035342780757
l_1775563554_091657655,556.254285,556.254285,624.186310,479.549637,1280,960,-0.045090,-0.011269,2.053772,0.98995143175125,-0.01650892198086,0.14042913913727,-0.00182370131370
r_1775563554_091657655,556.254285,556.254285,624.186310,479.549637,1280,960,0.246978,-0.013777,1.969250,0.98995143175125,-0.01650892198086,0.14042913913727,-0.00182370131370
l_1775563554_191343017,556.254285,556.254285,624.186310,479.549637,1280,960,-0.043232,-0.015176,2.094000,0.98857796192169,-0.01486661843956,0.14994925260544,-0.00279300450347
r_1775563554_191343017,556.254285,556.254285,624.186310,479.549637,1280,960,0.247152,-0.018211,2.003879,0.98857796192169,-0.01486661843956,0.14994925260544,-0.00279300450347
l_1775563554_291571714,556.254285,556.254285,624.186310,479.549637,1280,960,-0.039976,-0.019327,2.132113,0.98846513032913,-0.01466814801097,0.15073412656784,-0.00087465537945
r_1775563554_291571714,556.254285,556.254285,624.186310,479.549637,1280,960,0.250269,-0.021197,2.041513,0.98846513032913,-0.01466814801097,0.15073412656784,-0.00087465537945
l_1775563554_391576846,556.254285,556.254285,624.186310,479.549637,1280,960,-0.031887,-0.014200,2.173760,0.98776674270630,-0.01433227490634,0.15527439117432,-0.00116812775377
r_1775563554_391576846,556.254285,556.254285,624.186310,479.549637,1280,960,0.257513,-0.016255,2.080499,0.98776674270630,-0.01433227490634,0.15527439117432,-0.00116812775377
l_1775563554_491594384,556.254285,556.254285,624.186310,479.549637,1280,960,-0.024864,-0.010827,2.216336,0.98769509792328,-0.01369211915880,0.15575017035007,-0.00357866170816
r_1775563554_491594384,556.254285,556.254285,624.186310,479.549637,1280,960,0.264439,-0.014273,2.122816,0.98769509792328,-0.01369211915880,0.15575017035007,-0.00357866170816
l_1775563554_591359835,556.254285,556.254285,624.186310,479.549637,1280,960,-0.014752,-0.008333,2.261609,0.98734092712402,-0.01087207719684,0.15818458795547,-0.00416691321880
r_1775563554_591359835,556.254285,556.254285,624.186310,479.549637,1280,960,0.274084,-0.011881,2.166658,0.98734092712402,-0.01087207719684,0.15818458795547,-0.00416691321880
l_1775563554_691296544,556.254285,556.254285,624.186310,479.549637,1280,960,-0.003947,-0.007136,2.306574,0.98716330528259,-0.01042602304369,0.15936553478241,-0.00158146652393
r_1775563554_691296544,556.254285,556.254285,624.186310,479.549637,1280,960,0.284669,-0.009096,2.210914,0.98716330528259,-0.01042602304369,0.15936553478241,-0.00158146652393
l_1775563554_791428150,556.254285,556.254285,624.186310,479.549637,1280,960,0.006184,-0.009311,2.349934,0.98700922727585,-0.01325732935220,0.16011545062065,-0.00030239761691
r_1775563554_791428150,556.254285,556.254285,624.186310,479.549637,1280,960,0.294656,-0.010783,2.253831,0.98700922727585,-0.01325732935220,0.16011545062065,-0.00030239761691
l_1775563554_891514552,556.254285,556.254285,624.186310,479.549637,1280,960,0.016054,-0.008349,2.394856,0.98598402738571,-0.01736676692963,0.16591630876064,-0.00237486278638
r_1775563554_891514552,556.254285,556.254285,624.186310,479.549637,1280,960,0.303373,-0.011525,2.295397,0.98598402738571,-0.01736676692963,0.16591630876064,-0.00237486278638
l_1775563554_991512123,556.254285,556.254285,624.186310,479.549637,1280,960,0.024516,-0.012395,2.435003,0.98567777872086,-0.02153541892767,0.16721095144749,-0.00401325942948
r_1775563554_991512123,556.254285,556.254285,624.186310,479.549637,1280,960,0.311566,-0.016990,2.334827,0.98567777872086,-0.02153541892767,0.16721095144749,-0.00401325942948
l_1775563555_091688558,556.254285,556.254285,624.186310,479.549637,1280,960,0.034455,-0.011947,2.476925,0.98462170362473,-0.02090791426599,0.17336322367191,-0.00530142057687
r_1775563555_091688558,556.254285,556.254285,624.186310,479.549637,1280,960,0.320224,-0.017326,2.373187,0.98462170362473,-0.02090791426599,0.17336322367191,-0.00530142057687
l_1775563555_191579461,556.254285,556.254285,624.186310,479.549637,1280,960,0.044665,-0.013232,2.519271,0.98425751924515,-0.01918916963041,0.17566365003586,-0.00334529508837
r_1775563555_191579461,556.254285,556.254285,624.186310,479.549637,1280,960,0.329956,-0.017284,2.414166,0.98425751924515,-0.01918916963041,0.17566365003586,-0.00334529508837
l_1775563555_291695682,556.254285,556.254285,624.186310,479.549637,1280,960,0.050484,-0.011271,2.568339,0.98350876569748,-0.01783698238432,0.17997458577156,-0.00123637041543
r_1775563555_291695682,556.254285,556.254285,624.186310,479.549637,1280,960,0.334848,-0.013963,2.460710,0.98350876569748,-0.01783698238432,0.17997458577156,-0.00123637041543
l_1775563555_391804667,556.254285,556.254285,624.186310,479.549637,1280,960,0.056363,-0.015737,2.615041,0.98283648490906,-0.01214265730232,0.18407869338989,-0.00022935398738
r_1775563555_391804667,556.254285,556.254285,624.186310,479.549637,1280,960,0.339819,-0.017233,2.505021,0.98283648490906,-0.01214265730232,0.18407869338989,-0.00022935398738
l_1775563555_491763364,556.254285,556.254285,624.186310,479.549637,1280,960,0.060627,-0.013516,2.664654,0.98151451349258,-0.00922047160566,0.19116494059563,0.00053115637274
r_1775563555_491763364,556.254285,556.254285,624.186310,479.549637,1280,960,0.342466,-0.014271,2.550548,0.98151451349258,-0.00922047160566,0.19116494059563,0.00053115637274
l_1775563555_591659865,556.254285,556.254285,624.186310,479.549637,1280,960,0.068204,-0.014397,2.715070,0.97986847162247,-0.01273948978633,0.19920189678669,0.00376348500140
r_1775563555_591659865,556.254285,556.254285,624.186310,479.549637,1280,960,0.348127,-0.013698,2.596340,0.97986847162247,-0.01273948978633,0.19920189678669,0.00376348500140
l_1775563555_691837832,556.254285,556.254285,624.186310,479.549637,1280,960,0.077440,-0.020486,2.763901,0.97683715820312,-0.01386367529631,0.21346326172352,0.00552310422063
r_1775563555_691837832,556.254285,556.254285,624.186310,479.549637,1280,960,0.353774,-0.019005,2.637049,0.97683715820312,-0.01386367529631,0.21346326172352,0.00552310422063
l_1775563555_791286246,556.254285,556.254285,624.186310,479.549637,1280,960,0.085826,-0.020008,2.808508,0.97570121288300,-0.01564539410174,0.21853825449944,0.00183487567119
r_1775563555_791286246,556.254285,556.254285,624.186310,479.549637,1280,960,0.360843,-0.020999,2.678821,0.97570121288300,-0.01564539410174,0.21853825449944,0.00183487567119
l_1775563555_891461941,556.254285,556.254285,624.186310,479.549637,1280,960,0.094163,-0.020461,2.854253,0.97407799959183,-0.01401071622968,0.22577622532845,-0.00094057357637
r_1775563555_891461941,556.254285,556.254285,624.186310,479.549637,1280,960,0.367226,-0.022942,2.720520,0.97407799959183,-0.01401071622968,0.22577622532845,-0.00094057357637
l_1775563555_991457735,556.254285,556.254285,624.186310,479.549637,1280,960,0.105178,-0.024973,2.897579,0.97364431619644,-0.01256122905761,0.22771084308624,-0.00260810763575
r_1775563555_991457735,556.254285,556.254285,624.186310,479.549637,1280,960,0.377704,-0.028257,2.762772,0.97364431619644,-0.01256122905761,0.22771084308624,-0.00260810763575
l_1775563556_091645499,556.254285,556.254285,624.186310,479.549637,1280,960,0.125753,-0.024157,2.942760,0.97186464071274,-0.01242915261537,0.23513105511665,-0.00616921298206
r_1775563556_091645499,556.254285,556.254285,624.186310,479.549637,1280,960,0.396171,-0.029580,2.803840,0.97186464071274,-0.01242915261537,0.23513105511665,-0.00616921298206
l_1775563556_191502040,556.254285,556.254285,624.186310,479.549637,1280,960,0.142818,-0.022753,2.991296,0.97092926502228,-0.01162481121719,0.23893716931343,-0.00838377978653
r_1775563556_191502040,556.254285,556.254285,624.186310,479.549637,1280,960,0.412120,-0.029392,2.850276,0.97092926502228,-0.01162481121719,0.23893716931343,-0.00838377978653
l_1775563556_291542484,556.254285,556.254285,624.186310,479.549637,1280,960,0.164305,-0.021667,3.037465,0.96956706047058,-0.00846020970494,0.24454081058502,-0.00824263691902
r_1775563556_291542484,556.254285,556.254285,624.186310,479.549637,1280,960,0.431960,-0.027785,2.893322,0.96956706047058,-0.00846020970494,0.24454081058502,-0.00824263691902
l_1775563556_391432534,556.254285,556.254285,624.186310,479.549637,1280,960,0.190683,-0.022912,3.084855,0.96660095453262,-0.00766008952633,0.25612476468086,-0.00490867625922
r_1775563556_391432534,556.254285,556.254285,624.186310,479.549637,1280,960,0.454838,-0.026990,2.934324,0.96660095453262,-0.00766008952633,0.25612476468086,-0.00490867625922
l_1775563556_491281587,556.254285,556.254285,624.186310,479.549637,1280,960,0.213986,-0.023611,3.126963,0.96560561656952,-0.00857682619244,0.25986054539680,-0.00220131548122
r_1775563556_491281587,556.254285,556.254285,624.186310,479.549637,1280,960,0.476981,-0.026259,2.974382,0.96560561656952,-0.00857682619244,0.25986054539680,-0.00220131548122
l_1775563556_591662589,556.254285,556.254285,624.186310,479.549637,1280,960,0.236293,-0.026827,3.169418,0.96180570125580,-0.01156928762794,0.27347531914711,-0.00267737102695
r_1775563556_591662589,556.254285,556.254285,624.186310,479.549637,1280,960,0.494870,-0.030317,3.009481,0.96180570125580,-0.01156928762794,0.27347531914711,-0.00267737102695
l_1775563556_691892684,556.254285,556.254285,624.186310,479.549637,1280,960,0.254495,-0.026836,3.212111,0.95871692895889,-0.01427750661969,0.28398776054382,-0.00301175308414
r_1775563556_691892684,556.254285,556.254285,624.186310,479.549637,1280,960,0.509508,-0.031058,3.046567,0.95871692895889,-0.01427750661969,0.28398776054382,-0.00301175308414
l_1775563556_791408715,556.254285,556.254285,624.186310,479.549637,1280,960,0.275659,-0.028703,3.254291,0.95506471395493,-0.01425031293184,0.29605472087860,0.00004260482092
r_1775563556_791408715,556.254285,556.254285,624.186310,479.549637,1280,960,0.526421,-0.031244,3.082342,0.95506471395493,-0.01425031293184,0.29605472087860,0.00004260482092
l_1775563556_891385769,556.254285,556.254285,624.186310,479.549637,1280,960,0.293882,-0.026871,3.300261,0.95046001672745,-0.01641036197543,0.31039568781853,0.00332387653179
r_1775563556_891385769,556.254285,556.254285,624.186310,479.549637,1280,960,0.539348,-0.028047,3.120819,0.95046001672745,-0.01641036197543,0.31039568781853,0.00332387653179
l_1775563556_991648647,556.254285,556.254285,624.186310,479.549637,1280,960,0.309795,-0.025815,3.344078,0.94578802585602,-0.01282490603626,0.32443228363991,0.00801897142082
r_1775563556_991648647,556.254285,556.254285,624.186310,479.549637,1280,960,0.549810,-0.023733,3.157416,0.94578802585602,-0.01282490603626,0.32443228363991,0.00801897142082
l_1775563557_091512482,556.254285,556.254285,624.186310,479.549637,1280,960,0.327581,-0.027317,3.389004,0.93712824583054,-0.00828448496759,0.34864285588264,0.01304956991225
r_1775563557_091512482,556.254285,556.254285,624.186310,479.549637,1280,960,0.557621,-0.021637,3.190250,0.93712824583054,-0.00828448496759,0.34864285588264,0.01304956991225
l_1775563557_191580640,556.254285,556.254285,624.186310,479.549637,1280,960,0.347300,-0.025892,3.427662,0.92998844385147,-0.01063791010529,0.36715325713158,0.01438146736473
r_1775563557_191580640,556.254285,556.254285,624.186310,479.549637,1280,960,0.569261,-0.020134,3.219926,0.92998844385147,-0.01063791010529,0.36715325713158,0.01438146736473
l_1775563557_291847960,556.254285,556.254285,624.186310,479.549637,1280,960,0.363548,-0.030457,3.464559,0.92527860403061,-0.01061122678220,0.37887313961983,0.01421558484435
r_1775563557_291847960,556.254285,556.254285,624.186310,479.549637,1280,960,0.580195,-0.024903,3.251281,0.92527860403061,-0.01061122678220,0.37887313961983,0.01421558484435
l_1775563557_391501263,556.254285,556.254285,624.186310,479.549637,1280,960,0.381138,-0.033372,3.500163,0.92196083068848,-0.00912545621395,0.38690552115440,0.01445970963687
r_1775563557_391501263,556.254285,556.254285,624.186310,479.549637,1280,960,0.594040,-0.027412,3.283157,0.92196083068848,-0.00912545621395,0.38690552115440,0.01445970963687
l_1775563557_491454935,556.254285,556.254285,624.186310,479.549637,1280,960,0.400188,-0.036788,3.530822,0.92080044746399,-0.00880177412182,0.38974499702454,0.01216346397996
r_1775563557_491454935,556.254285,556.254285,624.186310,479.549637,1280,960,0.611786,-0.032063,3.312514,0.92080044746399,-0.00880177412182,0.38974499702454,0.01216346397996
l_1775563557_591553110,556.254285,556.254285,624.186310,479.549637,1280,960,0.423252,-0.038050,3.567051,0.91703695058823,-0.00815362669528,0.39860481023788,0.00953897088766
r_1775563557_591553110,556.254285,556.254285,624.186310,479.549637,1280,960,0.630637,-0.034707,3.344712,0.91703695058823,-0.00815362669528,0.39860481023788,0.00953897088766
l_1775563557_691775961,556.254285,556.254285,624.186310,479.549637,1280,960,0.450237,-0.034545,3.599255,0.91705083847046,-0.00867534615099,0.39855882525444,0.00966269895434
r_1775563557_691775961,556.254285,556.254285,624.186310,479.549637,1280,960,0.657643,-0.031259,3.376935,0.91705083847046,-0.00867534615099,0.39855882525444,0.00966269895434
l_1775563557_791563273,556.254285,556.254285,624.186310,479.549637,1280,960,0.476383,-0.032012,3.628047,0.92061954736710,-0.00681168632582,0.39028659462929,0.00946657825261
r_1775563557_791563273,556.254285,556.254285,624.186310,479.549637,1280,960,0.687759,-0.028329,3.409505,0.92061954736710,-0.00681168632582,0.39028659462929,0.00946657825261
l_1775563557_891515218,556.254285,556.254285,624.186310,479.549637,1280,960,0.502358,-0.032874,3.656841,0.92493975162506,-0.00183201895561,0.38003876805305,0.00732419779524
r_1775563557_891515218,556.254285,556.254285,624.186310,479.549637,1280,960,0.718557,-0.029178,3.443069,0.92493975162506,-0.00183201895561,0.38003876805305,0.00732419779524
l_1775563557_991590869,556.254285,556.254285,624.186310,479.549637,1280,960,0.528032,-0.031671,3.687647,0.92759788036346,-0.00693467166275,0.37335959076881,0.01080739870667
r_1775563557_991590869,556.254285,556.254285,624.186310,479.549637,1280,960,0.747253,-0.027149,3.476991,0.92759788036346,-0.00693467166275,0.37335959076881,0.01080739870667
l_1775563558_091618713,556.254285,556.254285,624.186310,479.549637,1280,960,0.550820,-0.035346,3.713540,0.93345433473587,-0.00660419231281,0.35841000080109,0.01271581184119
r_1775563558_091618713,556.254285,556.254285,624.186310,479.549637,1280,960,0.776666,-0.029567,3.510035,0.93345433473587,-0.00660419231281,0.35841000080109,0.01271581184119
l_1775563558_191396525,556.254285,556.254285,624.186310,479.549637,1280,960,0.578644,-0.035350,3.742019,0.93199461698532,-0.01079433038831,0.36213371157646,0.01134563889354
r_1775563558_191396525,556.254285,556.254285,624.186310,479.549637,1280,960,0.802878,-0.031297,3.536698,0.93199461698532,-0.01079433038831,0.36213371157646,0.01134563889354
l_1775563558_291466379,556.254285,556.254285,624.186310,479.549637,1280,960,0.603188,-0.038152,3.767404,0.93248695135117,-0.01178135816008,0.36086332798004,0.01034269202501
r_1775563558_291466379,556.254285,556.254285,624.186310,479.549637,1280,960,0.827994,-0.034872,3.562695,0.93248695135117,-0.01178135816008,0.36086332798004,0.01034269202501
l_1775563558_391390556,556.254285,556.254285,624.186310,479.549637,1280,960,0.633368,-0.037486,3.795897,0.92868655920029,-0.01045090984553,0.37060180306435,0.00929496809840
r_1775563558_391390556,556.254285,556.254285,624.186310,479.549637,1280,960,0.853855,-0.034592,3.586538,0.92868655920029,-0.01045090984553,0.37060180306435,0.00929496809840
l_1775563558_491562813,556.254285,556.254285,624.186310,479.549637,1280,960,0.663447,-0.037778,3.822844,0.92677217721939,-0.00935485959053,0.37533321976662,0.01143873576075
r_1775563558_491562813,556.254285,556.254285,624.186310,479.549637,1280,960,0.881761,-0.033466,3.611243,0.92677217721939,-0.00935485959053,0.37533321976662,0.01143873576075
l_1775563558_591906862,556.254285,556.254285,624.186310,479.549637,1280,960,0.695784,-0.040118,3.853029,0.92417627573013,-0.00684864167124,0.38163247704506,0.01442230120301
r_1775563558_591906862,556.254285,556.254285,624.186310,479.549637,1280,960,0.911151,-0.033602,3.638486,0.92417627573013,-0.00684864167124,0.38163247704506,0.01442230120301
l_1775563558_691391552,556.254285,556.254285,624.186310,479.549637,1280,960,0.730506,-0.040871,3.880654,0.91986578702927,-0.00347154051997,0.39191326498985,0.01545676030219
r_1775563558_691391552,556.254285,556.254285,624.186310,479.549637,1280,960,0.941018,-0.033052,3.661387,0.91986578702927,-0.00347154051997,0.39191326498985,0.01545676030219
l_1775563558_791446115,556.254285,556.254285,624.186310,479.549637,1280,960,0.761569,-0.041133,3.911033,0.91509985923767,-0.00095572008286,0.40299180150032,0.01374996360391
r_1775563558_791446115,556.254285,556.254285,624.186310,479.549637,1280,960,0.966756,-0.033715,3.686762,0.91509985923767,-0.00095572008286,0.40299180150032,0.01374996360391
l_1775563558_891783835,556.254285,556.254285,624.186310,479.549637,1280,960,0.794808,-0.044833,3.942369,0.91005241870880,-0.00125268660486,0.41421991586685,0.01499975193292
r_1775563558_891783835,556.254285,556.254285,624.186310,479.549637,1280,960,0.994393,-0.036847,3.713117,0.91005241870880,-0.00125268660486,0.41421991586685,0.01499975193292
l_1775563558_991588555,556.254285,556.254285,624.186310,479.549637,1280,960,0.829163,-0.049306,3.968551,0.90489387512207,0.00068377138814,0.42523375153542,0.01851783692837
r_1775563558_991588555,556.254285,556.254285,624.186310,479.549637,1280,960,1.023054,-0.038939,3.734557,0.90489387512207,0.00068377138814,0.42523375153542,0.01851783692837
l_1775563559_092009138,556.254285,556.254285,624.186310,479.549637,1280,960,0.865266,-0.050635,3.993351,0.89987182617188,-0.00334574421868,0.43568080663681,0.02004550024867
r_1775563559_092009138,556.254285,556.254285,624.186310,479.549637,1280,960,1.053651,-0.040552,3.754890,0.89987182617188,-0.00334574421868,0.43568080663681,0.02004550024867
l_1775563559_191678379,556.254285,556.254285,624.186310,479.549637,1280,960,0.900072,-0.052196,4.015146,0.89675199985504,-0.00463015167043,0.44212713837624,0.01838458515704
r_1775563559_191678379,556.254285,556.254285,624.186310,479.549637,1280,960,1.085055,-0.043415,3.773986,0.89675199985504,-0.00463015167043,0.44212713837624,0.01838458515704
l_1775563559_291674415,556.254285,556.254285,624.186310,479.549637,1280,960,0.938284,-0.052398,4.034883,0.89480012655258,-0.00358980940655,0.44608196616173,0.01818653382361
r_1775563559_291674415,556.254285,556.254285,624.186310,479.549637,1280,960,1.121135,-0.043476,3.792107,0.89480012655258,-0.00358980940655,0.44608196616173,0.01818653382361
l_1775563559_391550185,556.254285,556.254285,624.186310,479.549637,1280,960,0.976192,-0.053246,4.052160,0.89662420749664,-0.00372332264669,0.44235399365425,0.01934246532619
r_1775563559_391550185,556.254285,556.254285,624.186310,479.549637,1280,960,1.161031,-0.043701,3.810918,0.89662420749664,-0.00372332264669,0.44235399365425,0.01934246532619
l_1775563559_491983536,556.254285,556.254285,624.186310,479.549637,1280,960,1.011086,-0.051993,4.067257,0.90103757381439,-0.00017765010125,0.43342131376266,0.01665143296123
r_1775563559_491983536,556.254285,556.254285,624.186310,479.549637,1280,960,1.200741,-0.042916,3.829765,0.90103757381439,-0.00017765010125,0.43342131376266,0.01665143296123
l_1775563559_591621286,556.254285,556.254285,624.186310,479.549637,1280,960,1.042337,-0.052175,4.083053,0.90759158134460,0.00192885135766,0.41969516873360,0.01139564998448
r_1775563559_591621286,556.254285,556.254285,624.186310,479.549637,1280,960,1.239203,-0.045393,3.851424,0.90759158134460,0.00192885135766,0.41969516873360,0.01139564998448
l_1775563559_691547997,556.254285,556.254285,624.186310,479.549637,1280,960,1.079179,-0.049987,4.098710,0.91001617908478,-0.00314320949838,0.41444483399391,0.00980569422245
r_1775563559_691547997,556.254285,556.254285,624.186310,479.549637,1280,960,1.278729,-0.045353,3.869336,0.91001617908478,-0.00314320949838,0.41444483399391,0.00980569422245
l_1775563559_791596074,556.254285,556.254285,624.186310,479.549637,1280,960,1.111832,-0.052345,4.110030,0.91382062435150,-0.00313449394889,0.40590140223503,0.01288967300206
r_1775563559_791596074,556.254285,556.254285,624.186310,479.549637,1280,960,1.315601,-0.045956,3.884439,0.91382062435150,-0.00313449394889,0.40590140223503,0.01288967300206
l_1775563559_891938859,556.254285,556.254285,624.186310,479.549637,1280,960,1.144454,-0.052883,4.126648,0.91228014230728,-0.00677329115570,0.40929880738258,0.01317428983748
r_1775563559_891938859,556.254285,556.254285,624.186310,479.549637,1280,960,1.346535,-0.047260,3.899523,0.91228014230728,-0.00677329115570,0.40929880738258,0.01317428983748
l_1775563559_991822036,556.254285,556.254285,624.186310,479.549637,1280,960,1.171827,-0.056254,4.143238,0.91085517406464,-0.01087041012943,0.41239291429520,0.01252071838826
r_1775563559_991822036,556.254285,556.254285,624.186310,479.549637,1280,960,1.372372,-0.052045,3.914725,0.91085517406464,-0.01087041012943,0.41239291429520,0.01252071838826
l_1775563560_091912035,556.254285,556.254285,624.186310,479.549637,1280,960,1.198698,-0.055531,4.158143,0.91012805700302,-0.01041638851166,0.41406422853470,0.01045265141875
r_1775563560_091912035,556.254285,556.254285,624.186310,479.549637,1280,960,1.398432,-0.052369,3.928904,0.91012805700302,-0.01041638851166,0.41406422853470,0.01045265141875
l_1775563560_192050143,556.254285,556.254285,624.186310,479.549637,1280,960,1.226762,-0.052785,4.178340,0.90608090162277,-0.01114044338465,0.42282611131668,0.01055394671857
r_1775563560_192050143,556.254285,556.254285,624.186310,479.549637,1280,960,1.422035,-0.049834,3.945287,0.90608090162277,-0.01114044338465,0.42282611131668,0.01055394671857
l_1775563560_291978367,556.254285,556.254285,624.186310,479.549637,1280,960,1.254190,-0.051028,4.195031,0.90380549430847,-0.01075233332813,0.42760103940964,0.01331852562726
r_1775563560_291978367,556.254285,556.254285,624.186310,479.549637,1280,960,1.446954,-0.046504,3.959923,0.90380549430847,-0.01075233332813,0.42760103940964,0.01331852562726
l_1775563560_391644512,556.254285,556.254285,624.186310,479.549637,1280,960,1.278750,-0.052499,4.215514,0.90010267496109,-0.00977799948305,0.43534016609192,0.01409242674708
r_1775563560_391644512,556.254285,556.254285,624.186310,479.549637,1280,960,1.467439,-0.047374,3.977136,0.90010267496109,-0.00977799948305,0.43534016609192,0.01409242674708
l_1775563560_491827104,556.254285,556.254285,624.186310,479.549637,1280,960,1.298228,-0.051839,4.238424,0.89818680286407,-0.00747775938362,0.43940463662148,0.01132392138243
r_1775563560_491827104,556.254285,556.254285,624.186310,479.549637,1280,960,1.484798,-0.047652,3.998365,0.89818680286407,-0.00747775938362,0.43940463662148,0.01132392138243
l_1775563560_591676261,556.254285,556.254285,624.186310,479.549637,1280,960,1.318669,-0.052550,4.260435,0.89349478483200,-0.00889835972339,0.44886335730553,0.01047176774591
r_1775563560_591676261,556.254285,556.254285,624.186310,479.549637,1280,960,1.500141,-0.049289,4.016485,0.89349478483200,-0.00889835972339,0.44886335730553,0.01047176774591
