point_id,x,y,z,sigma_x,sigma_y,sigma_z
1180,-4.02031326294,-0.662033140659,0.847536385059,0.002000,0.002000,0.002000
1181,-3.96631336212,-0.524033129215,0.847536385059,0.002000,0.002000,0.002000
1182,-3.96031332016,-0.528033137321,0.698536396027,0.002000,0.002000,0.002000
1183,-4.02031326294,-0.663033127785,0.697536408901,0.002000,0.002000,0.002000
1230,0.616686701775,-2.18103313446,0.874536395073,0.002000,0.002000,0.002000
1231,0.560686707497,-2.32203316689,0.873536407948,0.002000,0.002000,0.002000
1232,0.559686720371,-2.32003307343,0.724536418915,0.002000,0.002000,0.002000
1233,0.614686727524,-2.18303322792,0.723536372185,0.002000,0.002000,0.002000
1310,-3.5183134079,-1.69803309441,-1.12846362591,0.002000,0.002000,0.002000
1311,-3.46031332016,-1.56003320217,-1.13046360016,0.002000,0.002000,0.002000
1312,-3.44231319427,-1.5650331974,-1.27546358109,0.002000,0.002000,0.002000
1313,-3.49931335449,-1.70403313637,-1.27646362782,0.002000,0.002000,0.002000
1340,1.08668673038,-0.141033142805,-0.61946362257,0.002000,0.002000,0.002000
1341,1.12368667126,-0.286033153534,-0.614463627338,0.002000,0.002000,0.002000
1342,1.08968675137,-0.297033160925,-0.759463608265,0.002000,0.002000,0.002000
1343,1.05368673801,-0.152033150196,-0.764463603497,0.002000,0.002000,0.002000
1260,-3.14231324196,1.54896688461,-0.694463610649,0.002000,0.002000,0.002000
1261,-3.08631324768,1.68696689606,-0.693463623524,0.002000,0.002000,0.002000
1262,-3.08831334114,1.68896687031,-0.841463625431,0.002000,0.002000,0.002000
1263,-3.14231324196,1.54996681213,-0.842463612556,0.002000,0.002000,0.002000
1240,-3.91831326485,-3.78703308105,-0.50846362114,0.002000,0.002000,0.002000
1241,-4.00231313705,-3.66203308105,-0.51046359539,0.002000,0.002000,0.002000
1242,-3.98631334305,-3.65603303909,-0.661463618279,0.002000,0.002000,0.002000
1243,-3.9053132534,-3.78203320503,-0.655463635921,0.002000,0.002000,0.002000
1300,-1.00931334496,1.98296689987,-0.554463624954,0.002000,0.002000,0.002000
1301,-0.873313307762,1.92596685886,-0.553463637829,0.002000,0.002000,0.002000
1302,-0.880313277245,1.91396689415,-0.704463601112,0.002000,0.002000,0.002000
1303,-1.01731324196,1.97496688366,-0.703463613987,0.002000,0.002000,0.002000
1350,-4.76931333542,-2.56403303146,-0.41646361351,0.002000,0.002000,0.002000
1351,-4.71331310272,-2.42603325844,-0.412463605404,0.002000,0.002000,0.002000
1352,-4.73331308365,-2.41103315353,-0.559463620186,0.002000,0.002000,0.002000
1353,-4.78931331635,-2.55103325844,-0.567463636398,0.002000,0.002000,0.002000
1250,-0.918313324451,-4.87403297424,-1.05546355247,0.002000,0.002000,0.002000
1251,-1.04531335831,-4.95503330231,-1.05946362019,0.002000,0.002000,0.002000
1252,-1.05431330204,-4.9360332489,-1.20546364784,0.002000,0.002000,0.002000
1253,-0.925313293934,-4.8560333252,-1.20246362686,0.002000,0.002000,0.002000
1280,-0.2573133111,1.63796687126,0.841536402702,0.002000,0.002000,0.002000
1281,-0.118313297629,1.5829668045,0.839536368847,0.002000,0.002000,0.002000
1282,-0.121313303709,1.57396686077,0.69253641367,0.002000,0.002000,0.002000
1283,-0.262313306332,1.63096690178,0.69453638792,0.002000,0.002000,0.002000
1190,0.630686700344,1.30896687508,0.139536395669,0.002000,0.002000,0.002000
1191,0.766686677933,1.24896681309,0.140536382794,0.002000,0.002000,0.002000
1192,0.755686700344,1.22296690941,-0.00646361103281,0.002000,0.002000,0.002000
1193,0.619686722755,1.28496682644,-0.00646361103281,0.002000,0.002000,0.002000
1220,-1.74331331253,2.28396677971,0.493536382914,0.002000,0.002000,0.002000
1221,-1.60531330109,2.22396683693,0.493536382914,0.002000,0.002000,0.002000
1222,-1.60931324959,2.21396684647,0.344536393881,0.002000,0.002000,0.002000
1223,-1.74731326103,2.27096676826,0.343536376953,0.002000,0.002000,0.002000
